Start Date & Time: 2015/09/23  07:00:30 
    2.29    2.26    2.23    2.23    2.24    2.26    2.27    2.27    2.25    2.25
    2.28    2.29    2.29    2.27    2.25    2.24    2.25    2.26    2.27    2.26
    2.26    2.26    2.27    2.28    2.28    2.27    2.25    2.25    2.25    2.26
    2.25    2.25    2.26    2.29    2.30    2.28    2.24    2.22    2.24    2.27
    2.28    2.27    2.24    2.23    2.25    2.29    2.30    2.30    2.28    2.24
    2.22    2.23    2.26    2.28    2.28    2.27    2.27    2.27    2.27    2.26
    2.24    2.23    2.25    2.27    2.28    2.28    2.28    2.27    2.27    2.27
    2.26    2.24    2.25    2.26    2.28    2.28    2.28    2.26    2.25    2.25
    2.26    2.27    2.27    2.28    2.27    2.26    2.25    2.26    2.29    2.29
    2.29    2.26    2.25    2.26    2.27    2.27    2.25    2.25    2.26    2.27
    2.28    2.28    2.27    2.26    2.25    2.26    2.27    2.26    2.25    2.25
    2.26    2.27    2.27    2.27    2.27    2.28    2.27    2.27    2.27    2.26
Start Date & Time: 2015/09/23  07:01:30 
    2.26    2.26    2.28    2.28    2.28    2.27    2.25    2.26    2.27    2.29
    2.28    2.25    2.25    2.28    2.29    2.28    2.28    2.27    2.27    2.26
    2.26    2.27    2.27    2.26    2.26    2.27    2.28    2.28    2.27    2.25
    2.25    2.26    2.28    2.29    2.28    2.27    2.27    2.28    2.28    2.27
    2.26    2.26    2.27    2.27    2.26    2.26    2.26    2.26    2.26    2.27
    2.27    2.28    2.29    2.28    2.27    2.26    2.27    2.27    2.26    2.26
    2.27    2.29    2.30    2.29    2.27    2.25    2.25    2.26    2.28    2.29
    2.28    2.27    2.26    2.26    2.27    2.28    2.28    2.28    2.27    2.26
    2.26    2.26    2.28    2.30    2.29    2.28    2.27    2.27    2.25    2.26
    2.28    2.29    2.30    2.29    2.27    2.26    2.26    2.27    2.27    2.26
    2.25    2.26    2.28    2.29    2.28    2.27    2.27    2.27    2.28    2.29
    2.29    2.28    2.26    2.25    2.25    2.26    2.28    2.29    2.28    2.27
Start Date & Time: 2015/09/23  07:02:30 
    2.26    2.27    2.28    2.28    2.28    2.28    2.28    2.28    2.28    2.27
    2.27    2.26    2.27    2.29    2.31    2.31    2.28    2.26    2.26    2.27
    2.29    2.28    2.28    2.28    2.28    2.29    2.27    2.25    2.24    2.26
    2.29    2.31    2.31    2.28    2.25    2.25    2.27    2.30    2.30    2.28
    2.26    2.25    2.27    2.28    2.28    2.28    2.27    2.27    2.27    2.27
    2.28    2.28    2.28    2.29    2.30    2.30    2.29    2.27    2.26    2.26
    2.27    2.28    2.28    2.29    2.29    2.29    2.28    2.27    2.26    2.26
    2.28    2.29    2.29    2.29    2.27    2.27    2.27    2.27    2.28    2.27
    2.27    2.27    2.28    2.29    2.29    2.29    2.28    2.27    2.28    2.29
    2.29    2.27    2.26    2.27    2.29    2.30    2.30    2.28    2.26    2.27
    2.29    2.32    2.32    2.31    2.30    2.28    2.28    2.27    2.27    2.29
    2.31    2.32    2.31    2.30    2.29    2.28    2.28    2.28    2.28    2.28
Start Date & Time: 2015/09/23  07:03:30 
    2.28    2.30    2.31    2.32    2.30    2.29    2.27    2.27    2.28    2.30
    2.31    2.30    2.30    2.29    2.29    2.28    2.28    2.29    2.29    2.30
    2.29    2.29    2.29    2.29    2.29    2.28    2.28    2.28    2.29    2.29
    2.30    2.30    2.30    2.30    2.29    2.28    2.27    2.25    2.27    2.30
    2.32    2.32    2.30    2.28    2.26    2.26    2.28    2.30    2.32    2.33
    2.31    2.29    2.27    2.25    2.26    2.28    2.30    2.30    2.30    2.30
    2.27    2.26    2.27    2.29    2.30    2.31    2.31    2.30    2.29    2.28
    2.28    2.28    2.28    2.27    2.28    2.29    2.31    2.31    2.29    2.26
    2.25    2.27    2.30    2.31    2.30    2.29    2.27    2.27    2.27    2.27
    2.28    2.28    2.29    2.29    2.28    2.28    2.29    2.29    2.28    2.28
    2.27    2.28    2.30    2.30    2.29    2.28    2.26    2.25    2.25    2.27
    2.28    2.29    2.28    2.26    2.27    2.29    2.30    2.29    2.27    2.27
Start Date & Time: 2015/09/23  07:04:30 
    2.28    2.29    2.28    2.26    2.26    2.28    2.29    2.29    2.28    2.28
    2.28    2.27    2.26    2.26    2.27    2.28    2.29    2.30    2.29    2.27
    2.26    2.26    2.26    2.26    2.27    2.28    2.30    2.30    2.28    2.26
    2.25    2.26    2.27    2.27    2.26    2.27    2.28    2.29    2.29    2.28
    2.26    2.24    2.25    2.27    2.29    2.29    2.28    2.27    2.25    2.25
    2.26    2.26    2.27    2.27    2.27    2.26    2.25    2.25    2.27    2.27
    2.27    2.27    2.25    2.25    2.25    2.25    2.26    2.27    2.28    2.27
    2.27    2.27    2.27    2.26    2.26    2.26    2.26    2.27    2.27    2.27
    2.27    2.27    2.27    2.27    2.27    2.27    2.26    2.25    2.24    2.24
    2.26    2.27    2.28    2.27    2.25    2.24    2.24    2.24    2.24    2.25
    2.26    2.25    2.25    2.25    2.24    2.24    2.24    2.25    2.26    2.26
    2.25    2.23    2.22    2.22    2.24    2.25    2.25    2.24    2.24    2.23
Start Date & Time: 2015/09/23  07:05:30 
    2.24    2.24    2.24    2.23    2.23    2.24    2.25    2.25    2.24    2.24
    2.23    2.23    2.23    2.25    2.25    2.24    2.22    2.22    2.23    2.24
    2.24    2.23    2.22    2.21    2.21    2.21    2.23    2.24    2.24    2.23
    2.21    2.19    2.20    2.22    2.23    2.23    2.21    2.20    2.19    2.19
    2.19    2.20    2.23    2.23    2.22    2.19    2.17    2.18    2.20    2.22
    2.22    2.21    2.20    2.20    2.19    2.18    2.18    2.19    2.20    2.21
    2.20    2.19    2.17    2.16    2.17    2.19    2.19    2.18    2.17    2.17
    2.17    2.18    2.18    2.18    2.17    2.15    2.16    2.18    2.19    2.18
    2.16    2.14    2.15    2.16    2.17    2.18    2.17    2.16    2.15    2.15
    2.15    2.15    2.15    2.15    2.16    2.17    2.15    2.13    2.12    2.12
    2.14    2.14    2.15    2.16    2.16    2.15    2.14    2.13    2.13    2.13
    2.13    2.13    2.12    2.13    2.14    2.14    2.13    2.11    2.11    2.11
Start Date & Time: 2015/09/23  07:06:30 
    2.11    2.11    2.12    2.12    2.12    2.11    2.10    2.09    2.10    2.11
    2.13    2.13    2.12    2.09    2.07    2.08    2.10    2.11    2.11    2.10
    2.10    2.08    2.07    2.07    2.07    2.08    2.09    2.11    2.11    2.10
    2.07    2.06    2.05    2.06    2.08    2.11    2.11    2.09    2.07    2.06
    2.07    2.06    2.06    2.07    2.08    2.09    2.09    2.09    2.07    2.06
    2.06    2.08    2.10    2.11    2.10    2.08    2.06    2.07    2.09    2.10
    2.10    2.10    2.10    2.10    2.11    2.11    2.12    2.12    2.11    2.10
    2.11    2.13    2.13    2.12    2.12    2.13    2.14    2.15    2.14    2.13
    2.12    2.13    2.13    2.14    2.13    2.13    2.13    2.13    2.13    2.12
    2.11    2.10    2.10    2.12    2.13    2.13    2.11    2.08    2.07    2.07
    2.07    2.08    2.09    2.09    2.08    2.07    2.07    2.06    2.07    2.08
    2.10    2.10    2.09    2.09    2.08    2.09    2.10    2.13    2.16    2.16
Start Date & Time: 2015/09/23  07:07:30 
    2.15    2.14    2.14    2.15    2.16    2.19    2.20    2.21    2.20    2.20
    2.20    2.21    2.21    2.21    2.21    2.22    2.25    2.26    2.27    2.27
    2.26    2.25    2.24    2.25    2.28    2.32    2.33    2.33    2.35    2.39
    2.43    2.45    2.47    2.49    2.53    2.57    2.61    2.63    2.63    2.62
    2.60    2.58    2.55    2.50    2.45    2.41    2.38    2.36    2.33    2.29
    2.24    2.20    2.19    2.19    2.18    2.16    2.14    2.14    2.15    2.17
    2.20    2.21    2.22    2.22    2.25    2.30    2.36    2.41    2.43    2.45
    2.48    2.51    2.53    2.53    2.52    2.51    2.47    2.43    2.38    2.32
    2.28    2.25    2.21    2.18    2.15    2.14    2.13    2.13    2.14    2.16
    2.17    2.18    2.22    2.27    2.32    2.36    2.41    2.45    2.49    2.52
    2.53    2.53    2.50    2.45    2.38    2.32    2.27    2.23    2.19    2.15
    2.11    2.09    2.08    2.08    2.10    2.12    2.17    2.22    2.28    2.33
Start Date & Time: 2015/09/23  07:08:30 
    2.38    2.44    2.48    2.51    2.51    2.49    2.46    2.41    2.35    2.28
    2.21    2.16    2.13    2.10    2.08    2.07    2.07    2.07    2.10    2.15
    2.22    2.30    2.37    2.43    2.46    2.48    2.48    2.46    2.43    2.40
    2.34    2.26    2.16    2.09    2.04    2.02    2.01    2.02    2.05    2.08
    2.12    2.18    2.26    2.35    2.41    2.45    2.47    2.47    2.43    2.38
    2.30    2.22    2.13    2.05    1.98    1.94    1.93    1.95    1.99    2.04
    2.11    2.19    2.27    2.35    2.41    2.45    2.46    2.44    2.39    2.31
    2.22    2.13    2.05    1.98    1.93    1.91    1.93    1.97    2.04    2.14
    2.24    2.34    2.43    2.50    2.53    2.51    2.47    2.40    2.32    2.22
    2.11    2.02    1.97    1.93    1.93    1.98    2.05    2.15    2.25    2.35
    2.44    2.50    2.55    2.54    2.48    2.38    2.27    2.16    2.09    2.02
    1.97    1.94    1.96    2.02    2.11    2.21    2.31    2.40    2.48    2.53
Start Date & Time: 2015/09/23  07:09:30 
    2.54    2.50    2.43    2.32    2.21    2.10    2.02    1.97    1.97    2.00
    2.05    2.13    2.23    2.34    2.44    2.49    2.51    2.50    2.44    2.34
    2.22    2.11    2.02    1.96    1.96    2.00    2.06    2.13    2.22    2.32
    2.42    2.50    2.53    2.51    2.45    2.35    2.22    2.10    2.02    1.96
    1.95    1.98    2.07    2.18    2.27    2.36    2.44    2.51    2.52    2.49
    2.39    2.27    2.12    1.99    1.93    1.92    1.95    2.02    2.12    2.25
    2.38    2.50    2.57    2.58    2.53    2.42    2.27    2.10    1.95    1.85
    1.81    1.85    1.93    2.07    2.24    2.43    2.58    2.67    2.69    2.64
    2.49    2.32    2.11    1.93    1.79    1.74    1.75    1.82    1.97    2.20
    2.46    2.67    2.78    2.79    2.71    2.50    2.28    2.03    1.81    1.64
    1.56    1.59    1.73    1.96    2.24    2.53    2.77    2.90    2.95    2.79
    2.57    2.27    1.94    1.67    1.48    1.41    1.46    1.63    1.87    2.19
Start Date & Time: 2015/09/23  07:10:30 
    2.56    2.85    3.01    3.03    2.90    2.61    2.27    1.89    1.58    1.39
    1.35    1.40    1.59    1.89    2.25    2.60    2.90    3.04    3.02    2.83
    2.53    2.15    1.75    1.44    1.30    1.32    1.48    1.74    2.07    2.43
    2.71    2.90    2.96    2.85    2.63    2.31    1.97    1.68    1.47    1.40
    1.51    1.73    2.05    2.39    2.69    2.89    2.94    2.84    2.62    2.31
    1.98    1.69    1.52    1.51    1.64    1.85    2.16    2.47    2.72    2.85
    2.85    2.72    2.48    2.16    1.86    1.63    1.50    1.52    1.70    2.00
    2.32    2.61    2.79    2.83    2.74    2.56    2.28    1.97    1.71    1.54
    1.54    1.69    1.92    2.21    2.50    2.74    2.85    2.81    2.64    2.37
    2.06    1.78    1.59    1.52    1.60    1.81    2.11    2.41    2.65    2.77
    2.76    2.64    2.43    2.15    1.88    1.67    1.57    1.61    1.81    2.10
    2.38    2.61    2.74    2.74    2.64    2.42    2.15    1.90    1.73    1.65
Start Date & Time: 2015/09/23  07:11:30 
    1.69    1.86    2.11    2.36    2.57    2.68    2.68    2.57    2.39    2.16
    1.97    1.84    1.78    1.82    1.95    2.14    2.32    2.46    2.54    2.53
    2.46    2.33    2.18    2.04    1.96    1.94    1.98    2.07    2.18    2.29
    2.37    2.40    2.38    2.32    2.25    2.17    2.12    2.12    2.14    2.16
    2.18    2.20    2.22    2.22    2.22    2.23    2.23    2.23    2.23    2.25
    2.26    2.27    2.26    2.24    2.19    2.14    2.10    2.10    2.13    2.19
    2.25    2.31    2.37    2.41    2.40    2.34    2.24    2.13    2.05    2.02
    2.06    2.14    2.22    2.30    2.35    2.38    2.36    2.31    2.23    2.16
    2.11    2.09    2.09    2.12    2.18    2.24    2.28    2.30    2.30    2.28
    2.23    2.18    2.14    2.14    2.17    2.21    2.26    2.29    2.29    2.27
    2.23    2.18    2.14    2.13    2.14    2.18    2.24    2.30    2.34    2.33
    2.28    2.20    2.13    2.09    2.10    2.13    2.18    2.23    2.28    2.33
Start Date & Time: 2015/09/23  07:12:30 
    2.35    2.33    2.28    2.21    2.15    2.11    2.11    2.17    2.23    2.27
    2.29    2.28    2.25    2.21    2.17    2.15    2.15    2.18    2.20    2.23
    2.26    2.29    2.31    2.30    2.25    2.18    2.12    2.11    2.14    2.19
    2.24    2.29    2.33    2.34    2.31    2.26    2.20    2.15    2.13    2.14
    2.15    2.17    2.18    2.20    2.24    2.29    2.33    2.35    2.33    2.29
    2.24    2.19    2.16    2.13    2.11    2.11    2.13    2.17    2.23    2.32
    2.38    2.40    2.38    2.32    2.22    2.12    2.06    2.04    2.06    2.10
    2.17    2.27    2.35    2.40    2.40    2.36    2.31    2.23    2.15    2.09
    2.06    2.09    2.15    2.21    2.26    2.30    2.31    2.31    2.31    2.29
    2.27    2.23    2.19    2.14    2.11    2.11    2.13    2.16    2.19    2.24
    2.29    2.34    2.35    2.32    2.27    2.22    2.17    2.14    2.13    2.13
    2.14    2.19    2.26    2.31    2.32    2.29    2.26    2.24    2.23    2.21
Start Date & Time: 2015/09/23  07:13:30 
    2.19    2.18    2.18    2.19    2.20    2.21    2.21    2.21    2.22    2.24
    2.27    2.29    2.29    2.28    2.25    2.20    2.16    2.14    2.14    2.16
    2.20    2.24    2.28    2.30    2.30    2.27    2.23    2.19    2.17    2.17
    2.17    2.18    2.19    2.20    2.22    2.25    2.28    2.31    2.32    2.31
    2.28    2.24    2.19    2.14    2.11    2.10    2.13    2.19    2.26    2.32
    2.33    2.32    2.30    2.25    2.20    2.15    2.14    2.14    2.16    2.20
    2.24    2.26    2.26    2.25    2.25    2.24    2.23    2.21    2.19    2.19
    2.18    2.17    2.18    2.19    2.22    2.25    2.28    2.30    2.30    2.28
    2.24    2.20    2.17    2.15    2.16    2.18    2.20    2.21    2.23    2.25
    2.26    2.26    2.25    2.23    2.22    2.19    2.17    2.16    2.15    2.17
    2.21    2.24    2.26    2.27    2.26    2.25    2.25    2.24    2.23    2.20
    2.16    2.13    2.13    2.16    2.22    2.26    2.28    2.29    2.28    2.26
Start Date & Time: 2015/09/23  07:14:30 
    2.23    2.21    2.18    2.15    2.14    2.15    2.17    2.21    2.24    2.25
    2.26    2.25    2.24    2.23    2.21    2.19    2.18    2.19    2.21    2.23
    2.24    2.23    2.23    2.22    2.21    2.21    2.21    2.21    2.21    2.21
    2.19    2.19    2.20    2.22    2.24    2.25    2.24    2.22    2.19    2.17
    2.17    2.19    2.22    2.25    2.27    2.28    2.27    2.24    2.21    2.19
    2.18    2.19    2.20    2.20    2.19    2.20    2.22    2.25    2.27    2.28
    2.27    2.24    2.20    2.17    2.14    2.14    2.16    2.18    2.21    2.24
    2.27    2.29    2.28    2.25    2.22    2.21    2.20    2.19    2.17    2.17
    2.18    2.22    2.26    2.29    2.30    2.30    2.29    2.25    2.21    2.17
    2.15    2.16    2.18    2.21    2.24    2.27    2.27    2.26    2.25    2.23
    2.22    2.21    2.21    2.21    2.22    2.22    2.22    2.22    2.23    2.24
    2.26    2.27    2.26    2.24    2.21    2.19    2.19    2.20    2.21    2.22
Start Date & Time: 2015/09/23  07:15:30 
    2.24    2.25    2.25    2.24    2.21    2.19    2.20    2.22    2.24    2.23
    2.21    2.21    2.22    2.23    2.25    2.25    2.23    2.19    2.16    2.17
    2.19    2.22    2.24    2.25    2.24    2.23    2.22    2.21    2.20    2.20
    2.19    2.20    2.21    2.23    2.25    2.26    2.25    2.23    2.23    2.23
    2.23    2.22    2.21    2.19    2.16    2.15    2.17    2.21    2.26    2.30
    2.30    2.28    2.24    2.19    2.16    2.16    2.18    2.20    2.21    2.23
    2.25    2.27    2.27    2.28    2.27    2.25    2.22    2.18    2.15    2.13
    2.14    2.17    2.22    2.28    2.31    2.30    2.26    2.21    2.18    2.18
    2.18    2.18    2.19    2.19    2.20    2.22    2.25    2.28    2.29    2.28
    2.24    2.20    2.17    2.15    2.15    2.16    2.20    2.24    2.26    2.28
    2.27    2.25    2.22    2.18    2.15    2.14    2.17    2.21    2.23    2.24
    2.24    2.22    2.21    2.22    2.23    2.24    2.23    2.21    2.18    2.17
Start Date & Time: 2015/09/23  07:16:30 
    2.19    2.23    2.24    2.24    2.21    2.18    2.17    2.17    2.19    2.21
    2.22    2.23    2.22    2.22    2.20    2.19    2.18    2.18    2.17    2.17
    2.17    2.19    2.21    2.24    2.26    2.27    2.25    2.21    2.17    2.16
    2.15    2.15    2.17    2.19    2.22    2.26    2.28    2.27    2.24    2.19
    2.13    2.11    2.14    2.18    2.21    2.23    2.23    2.23    2.25    2.26
    2.26    2.23    2.19    2.15    2.13    2.15    2.19    2.22    2.25    2.26
    2.25    2.23    2.23    2.20    2.17    2.15    2.16    2.18    2.20    2.21
    2.23    2.25    2.25    2.24    2.21    2.17    2.16    2.16    2.19    2.22
    2.25    2.25    2.25    2.24    2.21    2.18    2.16    2.15    2.18    2.19
    2.20    2.20    2.22    2.24    2.25    2.25    2.23    2.20    2.18    2.16
    2.15    2.16    2.18    2.20    2.22    2.24    2.25    2.25    2.23    2.20
    2.16    2.13    2.12    2.16    2.21    2.24    2.26    2.26    2.25    2.22
Start Date & Time: 2015/09/23  07:17:30 
    2.20    2.18    2.18    2.18    2.18    2.18    2.19    2.21    2.23    2.24
    2.23    2.21    2.18    2.16    2.17    2.18    2.19    2.21    2.22    2.23
    2.22    2.22    2.20    2.19    2.18    2.19    2.20    2.20    2.20    2.20
    2.20    2.20    2.19    2.18    2.18    2.19    2.21    2.22    2.21    2.20
    2.20    2.20    2.20    2.20    2.19    2.18    2.18    2.19    2.19    2.20
    2.20    2.20    2.21    2.21    2.20    2.18    2.16    2.14    2.16    2.18
    2.21    2.24    2.26    2.26    2.23    2.19    2.15    2.13    2.14    2.16
    2.18    2.19    2.20    2.23    2.25    2.24    2.21    2.18    2.17    2.17
    2.17    2.16    2.16    2.19    2.24    2.27    2.27    2.23    2.18    2.15
    2.14    2.15    2.17    2.19    2.21    2.23    2.25    2.25    2.23    2.19
    2.15    2.14    2.16    2.18    2.19    2.20    2.19    2.20    2.22    2.23
    2.23    2.21    2.19    2.16    2.14    2.14    2.16    2.18    2.21    2.24
Start Date & Time: 2015/09/23  07:18:30 
    2.24    2.23    2.20    2.18    2.16    2.15    2.16    2.18    2.19    2.21
    2.21    2.22    2.22    2.20    2.17    2.14    2.15    2.17    2.21    2.23
    2.23    2.21    2.18    2.17    2.18    2.20    2.22    2.21    2.18    2.16
    2.18    2.20    2.21    2.20    2.19    2.18    2.19    2.19    2.19    2.18
    2.20    2.21    2.23    2.23    2.22    2.20    2.18    2.16    2.14    2.15
    2.18    2.21    2.24    2.25    2.24    2.22    2.19    2.17    2.14    2.13
    2.15    2.19    2.23    2.25    2.24    2.20    2.16    2.15    2.17    2.18
    2.18    2.17    2.17    2.19    2.22    2.22    2.22    2.21    2.19    2.18
    2.19    2.19    2.19    2.18    2.17    2.16    2.16    2.18    2.19    2.21
    2.22    2.21    2.19    2.16    2.15    2.17    2.20    2.23    2.23    2.21
    2.19    2.19    2.20    2.20    2.20    2.20    2.19    2.18    2.18    2.17
    2.17    2.17    2.17    2.20    2.22    2.23    2.22    2.20    2.17    2.13
Start Date & Time: 2015/09/23  07:19:30 
    2.12    2.13    2.16    2.20    2.23    2.24    2.23    2.22    2.21    2.19
    2.16    2.15    2.15    2.18    2.20    2.21    2.22    2.21    2.21    2.21
    2.19    2.17    2.14    2.13    2.14    2.19    2.24    2.26    2.23    2.18
    2.15    2.16    2.18    2.19    2.19    2.18    2.16    2.16    2.18    2.20
    2.22    2.22    2.20    2.17    2.16    2.17    2.20    2.21    2.22    2.20
    2.18    2.16    2.16    2.17    2.19    2.19    2.19    2.19    2.19    2.20
    2.19    2.17    2.17    2.18    2.18    2.18    2.17    2.19    2.20    2.21
    2.20    2.18    2.17    2.16    2.18    2.20    2.19    2.17    2.15    2.18
    2.21    2.22    2.20    2.17    2.15    2.14    2.16    2.19    2.23    2.24
    2.24    2.22    2.18    2.16    2.15    2.17    2.18    2.18    2.17    2.16
    2.16    2.18    2.20    2.22    2.22    2.21    2.18    2.16    2.16    2.19
    2.21    2.21    2.20    2.19    2.17    2.16    2.18    2.19    2.19    2.17
Start Date & Time: 2015/09/23  07:20:30 
    2.16    2.16    2.19    2.21    2.22    2.21    2.19    2.18    2.18    2.17
    2.17    2.18    2.19    2.18    2.16    2.14    2.15    2.18    2.21    2.22
    2.21    2.19    2.18    2.18    2.18    2.18    2.16    2.15    2.16    2.19
    2.21    2.21    2.20    2.18    2.17    2.17    2.17    2.16    2.16    2.16
    2.17    2.18    2.18    2.17    2.16    2.15    2.15    2.16    2.16    2.16
    2.14    2.16    2.20    2.22    2.20    2.18    2.16    2.15    2.16    2.17
    2.18    2.16    2.15    2.16    2.19    2.20    2.21    2.20    2.18    2.17
    2.16    2.14    2.16    2.19    2.19    2.17    2.15    2.15    2.16    2.17
    2.17    2.15    2.15    2.18    2.21    2.21    2.19    2.17    2.17    2.18
    2.17    2.15    2.14    2.15    2.18    2.20    2.22    2.21    2.19    2.17
    2.16    2.16    2.17    2.16    2.15    2.14    2.13    2.13    2.16    2.18
    2.19    2.17    2.15    2.15    2.19    2.22    2.23    2.20    2.16    2.15
Start Date & Time: 2015/09/23  07:21:30 
    2.15    2.16    2.15    2.15    2.17    2.19    2.19    2.18    2.16    2.16
    2.17    2.18    2.18    2.17    2.15    2.13    2.13    2.15    2.16    2.17
    2.17    2.13    2.13    2.17    2.22    2.24    2.22    2.18    2.16    2.14
    2.13    2.14    2.17    2.18    2.19    2.18    2.19    2.20    2.17    2.13
    2.10    2.11    2.15    2.19    2.19    2.17    2.15    2.15    2.16    2.16
    2.16    2.15    2.17    2.18    2.19    2.19    2.18    2.17    2.17    2.17
    2.16    2.14    2.12    2.13    2.17    2.19    2.19    2.18    2.18    2.18
    2.16    2.16    2.16    2.16    2.18    2.17    2.15    2.13    2.12    2.15
    2.20    2.22    2.22    2.19    2.15    2.12    2.14    2.16    2.16    2.15
    2.14    2.15    2.17    2.19    2.18    2.16    2.14    2.14    2.16    2.17
    2.17    2.16    2.17    2.18    2.18    2.17    2.15    2.15    2.15    2.15
    2.16    2.18    2.19    2.19    2.18    2.16    2.14    2.13    2.14    2.16
Start Date & Time: 2015/09/23  07:22:30 
    2.17    2.17    2.18    2.20    2.20    2.20    2.19    2.19    2.19    2.17
    2.16    2.16    2.18    2.18    2.15    2.11    2.11    2.14    2.19    2.21
    2.21    2.20    2.19    2.18    2.16    2.15    2.16    2.18    2.20    2.20
    2.17    2.14    2.15    2.17    2.18    2.19    2.21    2.22    2.20    2.18
    2.15    2.14    2.15    2.16    2.15    2.13    2.13    2.17    2.22    2.24
    2.23    2.20    2.16    2.15    2.15    2.16    2.17    2.17    2.18    2.19
    2.18    2.18    2.20    2.21    2.19    2.16    2.15    2.16    2.18    2.19
    2.20    2.20    2.19    2.16    2.15    2.16    2.19    2.21    2.23    2.22
    2.20    2.18    2.18    2.18    2.18    2.17    2.16    2.15    2.14    2.15
    2.20    2.23    2.23    2.19    2.17    2.19    2.20    2.20    2.18    2.17
    2.17    2.18    2.18    2.18    2.18    2.18    2.18    2.19    2.21    2.22
    2.21    2.19    2.17    2.16    2.19    2.23    2.24    2.23    2.18    2.14
Start Date & Time: 2015/09/23  07:23:30 
    2.14    2.17    2.20    2.21    2.21    2.19    2.17    2.19    2.21    2.21
    2.17    2.13    2.13    2.17    2.22    2.24    2.24    2.22    2.19    2.16
    2.15    2.15    2.18    2.20    2.22    2.22    2.22    2.22    2.20    2.18
    2.16    2.16    2.18    2.19    2.19    2.19    2.19    2.19    2.19    2.18
    2.17    2.15    2.17    2.19    2.21    2.21    2.19    2.18    2.18    2.17
    2.17    2.19    2.20    2.19    2.17    2.14    2.14    2.16    2.19    2.21
    2.21    2.20    2.20    2.19    2.17    2.17    2.17    2.19    2.21    2.21
    2.19    2.17    2.14    2.13    2.13    2.14    2.18    2.20    2.21    2.19
    2.19    2.21    2.21    2.20    2.17    2.15    2.14    2.16    2.19    2.21
    2.20    2.16    2.14    2.13    2.14    2.19    2.23    2.24    2.22    2.19
    2.16    2.16    2.17    2.17    2.17    2.16    2.15    2.15    2.16    2.18
    2.21    2.22    2.20    2.18    2.17    2.18    2.19    2.19    2.17    2.15
Start Date & Time: 2015/09/23  07:24:30 
    2.14    2.16    2.18    2.20    2.19    2.17    2.15    2.14    2.15    2.17
    2.19    2.19    2.18    2.17    2.18    2.18    2.17    2.16    2.16    2.16
    2.17    2.18    2.18    2.17    2.14    2.15    2.17    2.18    2.17    2.17
    2.17    2.17    2.18    2.19    2.19    2.18    2.16    2.15    2.14    2.15
    2.16    2.17    2.19    2.21    2.20    2.18    2.17    2.18    2.18    2.17
    2.16    2.15    2.14    2.14    2.15    2.19    2.21    2.20    2.18    2.16
    2.17    2.18    2.18    2.16    2.14    2.13    2.15    2.18    2.20    2.18
    2.15    2.14    2.15    2.17    2.19    2.20    2.18    2.14    2.11    2.11
    2.13    2.16    2.18    2.18    2.18    2.16    2.17    2.18    2.19    2.17
    2.15    2.15    2.17    2.17    2.15    2.14    2.14    2.14    2.13    2.13
    2.14    2.17    2.18    2.17    2.15    2.15    2.16    2.18    2.17    2.16
    2.14    2.14    2.15    2.15    2.15    2.15    2.16    2.15    2.15    2.17
Start Date & Time: 2015/09/23  07:25:30 
    2.18    2.18    2.16    2.15    2.14    2.14    2.14    2.14    2.13    2.13
    2.14    2.15    2.17    2.18    2.16    2.14    2.13    2.15    2.16    2.17
    2.16    2.14    2.13    2.14    2.14    2.14    2.13    2.12    2.11    2.13
    2.16    2.19    2.20    2.19    2.16    2.14    2.13    2.13    2.12    2.12
    2.13    2.13    2.13    2.14    2.15    2.17    2.17    2.17    2.16    2.16
    2.16    2.16    2.15    2.13    2.12    2.10    2.10    2.09    2.11    2.13
    2.15    2.17    2.18    2.17    2.16    2.15    2.15    2.14    2.13    2.12
    2.12    2.12    2.13    2.14    2.15    2.15    2.15    2.15    2.16    2.17
    2.16    2.14    2.12    2.12    2.13    2.14    2.14    2.14    2.14    2.13
    2.13    2.13    2.14    2.15    2.16    2.16    2.15    2.13    2.13    2.13
    2.15    2.15    2.13    2.12    2.12    2.13    2.14    2.15    2.15    2.15
    2.14    2.13    2.13    2.13    2.15    2.15    2.13    2.11    2.11    2.13
Start Date & Time: 2015/09/23  07:26:30 
    2.15    2.17    2.17    2.17    2.17    2.17    2.16    2.13    2.12    2.12
    2.12    2.12    2.12    2.13    2.16    2.19    2.18    2.15    2.12    2.12
    2.13    2.13    2.13    2.14    2.15    2.15    2.14    2.13    2.13    2.14
    2.15    2.16    2.15    2.13    2.13    2.14    2.16    2.16    2.15    2.14
    2.13    2.12    2.11    2.12    2.14    2.17    2.18    2.18    2.17    2.16
    2.13    2.13    2.15    2.17    2.17    2.16    2.14    2.12    2.12    2.13
    2.14    2.15    2.16    2.17    2.18    2.17    2.14    2.10    2.10    2.13
    2.15    2.17    2.17    2.18    2.18    2.17    2.17    2.18    2.18    2.18
    2.18    2.17    2.16    2.16    2.15    2.15    2.14    2.14    2.15    2.18
    2.20    2.20    2.19    2.17    2.16    2.16    2.16    2.15    2.15    2.16
    2.18    2.19    2.20    2.20    2.20    2.19    2.18    2.18    2.19    2.20
    2.19    2.17    2.15    2.15    2.16    2.17    2.19    2.20    2.20    2.19
Start Date & Time: 2015/09/23  07:27:30 
    2.17    2.17    2.17    2.18    2.20    2.19    2.18    2.16    2.16    2.16
    2.15    2.15    2.16    2.19    2.21    2.22    2.20    2.17    2.14    2.13
    2.15    2.16    2.17    2.17    2.15    2.15    2.16    2.17    2.19    2.19
    2.19    2.18    2.17    2.17    2.15    2.14    2.14    2.14    2.14    2.17
    2.18    2.18    2.16    2.15    2.13    2.14    2.15    2.16    2.16    2.16
    2.14    2.13    2.14    2.15    2.16    2.17    2.16    2.14    2.14    2.14
    2.15    2.16    2.18    2.18    2.16    2.14    2.12    2.12    2.13    2.15
    2.16    2.15    2.15    2.16    2.18    2.19    2.19    2.18    2.16    2.16
    2.15    2.16    2.16    2.17    2.17    2.19    2.20    2.21    2.20    2.17
    2.15    2.15    2.17    2.19    2.20    2.19    2.17    2.15    2.15    2.17
    2.20    2.21    2.20    2.16    2.14    2.13    2.14    2.15    2.16    2.16
    2.17    2.19    2.19    2.17    2.15    2.14    2.15    2.16    2.17    2.18
Start Date & Time: 2015/09/23  07:28:30 
    2.17    2.16    2.15    2.14    2.13    2.12    2.12    2.14    2.18    2.20
    2.20    2.17    2.14    2.11    2.12    2.15    2.16    2.14    2.13    2.15
    2.17    2.18    2.16    2.14    2.15    2.13    2.14    2.14    2.14    2.14
    2.14    2.14    2.14    2.15    2.16    2.17    2.16    2.14    2.14    2.14
    2.15    2.16    2.17    2.16    2.14    2.13    2.13    2.13    2.13    2.14
    2.15    2.17    2.18    2.17    2.13    2.11    2.11    2.13    2.15    2.15
    2.15    2.15    2.15    2.14    2.13    2.13    2.13    2.13    2.13    2.12
    2.12    2.12    2.12    2.13    2.12    2.13    2.12    2.13    2.13    2.14
    2.14    2.13    2.13    2.12    2.12    2.11    2.11    2.12    2.13    2.14
    2.14    2.14    2.14    2.12    2.09    2.09    2.10    2.12    2.14    2.14
    2.14    2.13    2.13    2.12    2.11    2.11    2.11    2.12    2.12    2.13
    2.14    2.14    2.13    2.13    2.14    2.13    2.11    2.11    2.12    2.14
Start Date & Time: 2015/09/23  07:29:30 
    2.15    2.16    2.15    2.14    2.12    2.11    2.13    2.15    2.16    2.15
    2.14    2.12    2.12    2.14    2.16    2.15    2.12    2.09    2.10    2.13
    2.15    2.16    2.15    2.14    2.14    2.15    2.16    2.15    2.12    2.10
    2.11    2.14    2.16    2.16    2.15    2.13    2.12    2.15    2.16    2.16
    2.12    2.10    2.10    2.12    2.14    2.15    2.15    2.13    2.12    2.12
    2.13    2.15    2.17    2.16    2.15    2.13    2.11    2.13    2.16    2.17
    2.16    2.14    2.12    2.13    2.14    2.14    2.16    2.16    2.15    2.13
    2.12    2.14    2.17    2.17    2.14    2.12    2.12    2.15    2.18    2.18
    2.16    2.15    2.15    2.13    2.13    2.14    2.16    2.18    2.19    2.18
    2.16    2.12    2.10    2.12    2.16    2.19    2.18    2.15    2.13    2.14
    2.17    2.20    2.21    2.19    2.15    2.12    2.12    2.15    2.17    2.17
    2.17    2.17    2.16    2.17    2.19    2.19    2.17    2.14    2.12    2.13
